[[{"currentFrameRate":37.7328,"gestures":[],"hands":[],"id":10800,"interactionBox":{"center":[0,200,0],"size":[235.247,235.247,147.751]},"pointables":[],"r":[[0.553865,0.765842,0.32668],[-0.832211,0.497114,0.245566],[0.0256673,-0.407877,0.912676]],"s":0.808845,"t":[72.9732,79.2895,-39.0708],"timestamp":46765993910}],[{"currentFrameRate":32.5935,"gestures":[],"hands":[],"id":10801,"interactionBox":{"center":[0,200,0],"size":[235.247,235.247,147.751]},"pointables":[],"r":[[0.553803,0.765943,0.326547],[-0.832252,0.497106,0.245445],[0.0256685,-0.407697,0.912756]],"s":0.808845,"t":[72.9732,79.2895,-39.0708],"timestamp":46766028603}],[{"currentFrameRate":30.5971,"gestures":[],"hands":[],"id":10802,"interactionBox":{"center":[0,200,0],"size":[235.247,235.247,147.751]},"pointables":[],"r":[[0.553754,0.766024,0.32644],[-0.832285,0.497099,0.245348],[0.0256694,-0.407553,0.912821]],"s":0.808845,"t":[72.9732,79.2895,-39.0708],"timestamp":46766063216}],[{"currentFrameRate":29.6184,"gestures":[],"hands":[],"id":10803,"interactionBox":{"center":[0,200,0],"size":[235.247,235.247,147.751]},"pointables":[],"r":[[0.553715,0.766089,0.326354],[-0.832311,0.497093,0.24527],[0.0256701,-0.407438,0.912872]],"s":0.808845,"t":[72.9732,79.2895,-39.0708],"timestamp":46766098005}],[{"currentFrameRate":29.2579,"gestures":[],"hands":[],"id":10804,"interactionBox":{"center":[0,200,0],"size":[235.247,235.247,147.751]},"pointables":[],"r":[[0.553683,0.766141,0.326286],[-0.832332,0.497089,0.245208],[0.0256707,-0.407346,0.912913]],"s":0.808845,"t":[72.9732,79.2895,-39.0708],"timestamp":46766132600}],[{"currentFrameRate":29.0981,"gestures":[],"hands":[],"id":10805,"interactionBox":{"center":[0,200,0],"size":[235.247,235.247,147.751]},"pointables":[],"r":[[0.553658,0.766183,0.326231],[-0.832349,0.497085,0.245158],[0.0256712,-0.407272,0.912946]],"s":0.808845,"t":[72.9732,79.2895,-39.0708],"timestamp":46766167102}],[{"currentFrameRate":29.0024,"gestures":[],"hands":[],"id":10806,"interactionBox":{"center":[0,200,0],"size":[235.247,235.247,147.751]},"pointables":[],"r":[[0.553638,0.766216,0.326188],[-0.832362,0.497082,0.245118],[0.0256715,-0.407213,0.912972]],"s":0.808845,"t":[72.9732,79.2895,-39.0708],"timestamp":46766201758}],[{"currentFrameRate":33.8321,"gestures":[],"hands":[],"id":10807,"interactionBox":{"center":[0,200,0],"size":[235.247,235.247,147.751]},"pointables":[],"r":[[0.553621,0.766243,0.326153],[-0.832373,0.49708,0.245086],[0.0256718,-0.407166,0.912994]],"s":0.808845,"t":[72.9732,79.2895,-39.0708],"timestamp":46766228105}],[{"currentFrameRate":41.8694,"gestures":[],"hands":[],"id":10808,"interactionBox":{"center":[0,200,0],"size":[235.247,235.247,147.751]},"pointables":[],"r":[[0.553608,0.766264,0.326124],[-0.832381,0.497078,0.245061],[0.0256721,-0.407128,0.91301]],"s":0.808845,"t":[72.9732,79.2895,-39.0708],"timestamp":46766246516}],[{"currentFrameRate":41.0164,"gestures":[],"hands":[],"id":10809,"interactionBox":{"center":[0,200,0],"size":[235.247,235.247,147.751]},"pointables":[],"r":[[0.553598,0.766281,0.326102],[-0.832388,0.497077,0.245041],[0.0256723,-0.407098,0.913024]],"s":0.808845,"t":[72.9732,79.2895,-39.0708],"timestamp":46766272782}],[{"currentFrameRate":47.2138,"gestures":[],"hands":[],"id":10810,"interactionBox":{"center":[0,200,0],"size":[235.247,235.247,147.751]},"pointables":[],"r":[[0.55359,0.766295,0.326084],[-0.832394,0.497075,0.245024],[0.0256724,-0.407073,0.913035]],"s":0.808845,"t":[72.9732,79.2895,-39.0708],"timestamp":46766290815}],[{"currentFrameRate":43.442,"gestures":[],"hands":[],"id":10811,"interactionBox":{"center":[0,200,0],"size":[235.247,235.247,147.751]},"pointables":[],"r":[[0.553583,0.766305,0.32607],[-0.832398,0.497074,0.245011],[0.0256725,-0.407054,0.913043]],"s":0.808845,"t":[72.9732,79.2895,-39.0708],"timestamp":46766317035}],[{"currentFrameRate":48.8637,"gestures":[],"hands":[],"id":10812,"interactionBox":{"center":[0,200,0],"size":[235.247,235.247,147.751]},"pointables":[],"r":[[0.553578,0.766314,0.326058],[-0.832402,0.497074,0.245001],[0.0256726,-0.407039,0.91305]],"s":0.808845,"t":[72.9732,79.2895,-39.0708],"timestamp":46766335097}],[{"currentFrameRate":43.9806,"gestures":[],"hands":[],"id":10813,"interactionBox":{"center":[0,200,0],"size":[235.247,235.247,147.751]},"pointables":[],"r":[[0.553574,0.766321,0.326049],[-0.832404,0.497073,0.244993],[0.0256727,-0.407026,0.913056]],"s":0.808845,"t":[72.9732,79.2895,-39.0708],"timestamp":46766361541}],[{"currentFrameRate":49.166,"gestures":[],"hands":[],"id":10814,"interactionBox":{"center":[0,200,0],"size":[235.247,235.247,147.751]},"pointables":[],"r":[[0.55357,0.766327,0.326042],[-0.832407,0.497073,0.244986],[0.0256728,-0.407016,0.91306]],"s":0.808845,"t":[72.9732,79.2895,-39.0708],"timestamp":46766379586}],[{"currentFrameRate":44.0268,"gestures":[],"hands":[],"id":10815,"interactionBox":{"center":[0,200,0],"size":[235.247,235.247,147.751]},"pointables":[],"r":[[0.553568,0.766331,0.326036],[-0.832408,0.497072,0.24498],[0.0256728,-0.407008,0.913064]],"s":0.808845,"t":[72.9732,79.2895,-39.0708],"timestamp":46766406018}],[{"currentFrameRate":49.3317,"gestures":[],"hands":[],"id":10816,"interactionBox":{"center":[0,200,0],"size":[235.247,235.247,147.751]},"pointables":[],"r":[[0.553565,0.766335,0.326031],[-0.83241,0.497072,0.244976],[0.0256729,-0.407002,0.913066]],"s":0.808845,"t":[72.9732,79.2895,-39.0708],"timestamp":46766423968}],[{"currentFrameRate":44.0648,"gestures":[],"hands":[],"id":10817,"interactionBox":{"center":[0,200,0],"size":[235.247,235.247,147.751]},"pointables":[],"r":[[0.553564,0.766338,0.326027],[-0.832411,0.497072,0.244973],[0.0256729,-0.406997,0.913069]],"s":0.808845,"t":[72.9732,79.2895,-39.0708],"timestamp":46766450482}],[{"currentFrameRate":49.0314,"gestures":[],"hands":[],"id":10818,"interactionBox":{"center":[0,200,0],"size":[235.247,235.247,147.751]},"pointables":[],"r":[[0.553562,0.76634,0.326024],[-0.832412,0.497071,0.24497],[0.0256729,-0.406993,0.913071]],"s":0.808845,"t":[72.9732,79.2895,-39.0708],"timestamp":46766468624}],[{"currentFrameRate":44.1595,"gestures":[],"hands":[],"id":10819,"interactionBox":{"center":[0,200,0],"size":[235.247,235.247,147.751]},"pointables":[],"r":[[0.553561,0.766342,0.326022],[-0.832413,0.497071,0.244968],[0.0256729,-0.40699,0.913072]],"s":0.808845,"t":[72.9732,79.2895,-39.0708],"timestamp":46766494837}],[{"currentFrameRate":49.2551,"gestures":[],"hands":[],"id":10820,"interactionBox":{"center":[0,200,0],"size":[235.247,235.247,147.751]},"pointables":[],"r":[[0.55356,0.766343,0.32602],[-0.832413,0.497071,0.244966],[0.0256729,-0.406987,0.913073]],"s":0.808845,"t":[72.9732,79.2895,-39.0708],"timestamp":46766512931}],[{"currentFrameRate":52.2545,"gestures":[],"hands":[],"id":10821,"interactionBox":{"center":[0,200,0],"size":[235.247,235.247,147.751]},"pointables":[],"r":[[0.55356,0.766344,0.326019],[-0.832414,0.497071,0.244965],[0.025673,-0.406985,0.913074]],"s":0.808845,"t":[72.9732,79.2895,-39.0708],"timestamp":46766530992}],[{"currentFrameRate":53.5604,"gestures":[],"hands":[],"id":10822,"interactionBox":{"center":[0,200,0],"size":[235.247,235.247,147.751]},"pointables":[],"r":[[0.553559,0.766345,0.326017],[-0.832414,0.497071,0.244964],[0.025673,-0.406983,0.913075]],"s":0.808845,"t":[72.9732,79.2895,-39.0708],"timestamp":46766549177}],[{"currentFrameRate":45.9844,"gestures":[],"hands":[],"id":10823,"interactionBox":{"center":[0,200,0],"size":[235.247,235.247,147.751]},"pointables":[],"r":[[0.553559,0.766346,0.326016],[-0.832414,0.497071,0.244963],[0.025673,-0.406982,0.913075]],"s":0.808845,"t":[72.9732,79.2895,-39.0708],"timestamp":46766575396}],[{"currentFrameRate":50.429,"gestures":[],"hands":[],"id":10824,"interactionBox":{"center":[0,200,0],"size":[235.247,235.247,147.751]},"pointables":[],"r":[[0.553558,0.766347,0.326016],[-0.832415,0.497071,0.244962],[0.025673,-0.406981,0.913076]],"s":0.808845,"t":[72.9732,79.2895,-39.0708],"timestamp":46766593471}],[{"currentFrameRate":44.4874,"gestures":[],"hands":[],"id":10825,"interactionBox":{"center":[0,200,0],"size":[235.247,235.247,147.751]},"pointables":[],"r":[[0.553558,0.766347,0.326015],[-0.832415,0.497071,0.244961],[0.025673,-0.40698,0.913076]],"s":0.808845,"t":[72.9732,79.2895,-39.0708],"timestamp":46766619967}],[{"currentFrameRate":49.6162,"gestures":[],"hands":[],"id":10826,"interactionBox":{"center":[0,200,0],"size":[235.247,235.247,147.751]},"pointables":[],"r":[[0.553558,0.766347,0.326014],[-0.832415,0.497071,0.244961],[0.025673,-0.406979,0.913077]],"s":0.808845,"t":[72.9732,79.2895,-39.0708],"timestamp":46766637957}],[{"currentFrameRate":44.1182,"gestures":[],"hands":[],"id":10827,"interactionBox":{"center":[0,200,0],"size":[235.247,235.247,147.751]},"pointables":[],"r":[[0.553558,0.766348,0.326014],[-0.832415,0.497071,0.244961],[0.025673,-0.406979,0.913077]],"s":0.808845,"t":[72.9732,79.2895,-39.0708],"timestamp":46766664497}],[{"currentFrameRate":49.1952,"gestures":[],"hands":[],"id":10828,"interactionBox":{"center":[0,200,0],"size":[235.247,235.247,147.751]},"pointables":[],"r":[[0.553557,0.766348,0.326014],[-0.832415,0.497071,0.24496],[0.025673,-0.406978,0.913077]],"s":0.808845,"t":[72.9732,79.2895,-39.0708],"timestamp":46766682518}],[{"currentFrameRate":36.3103,"gestures":[],"hands":[],"id":10829,"interactionBox":{"center":[0,200,0],"size":[235.247,235.247,147.751]},"pointables":[],"r":[[0.553557,0.766348,0.326013],[-0.832415,0.497071,0.24496],[0.025673,-0.406978,0.913077]],"s":0.808845,"t":[72.9732,79.2895,-39.0708],"timestamp":46766716979}],[{"currentFrameRate":31.9392,"gestures":[],"hands":[],"id":10830,"interactionBox":{"center":[0,200,0],"size":[235.247,235.247,147.751]},"pointables":[],"r":[[0.553557,0.766348,0.326013],[-0.832415,0.497071,0.24496],[0.025673,-0.406978,0.913077]],"s":0.808845,"t":[72.9732,79.2895,-39.0708],"timestamp":46766751972}],[{"currentFrameRate":35.6749,"gestures":[],"hands":[],"id":10831,"interactionBox":{"center":[0,200,0],"size":[235.247,235.247,147.751]},"pointables":[],"r":[[0.553557,0.766349,0.326013],[-0.832415,0.497071,0.24496],[0.025673,-0.406977,0.913077]],"s":0.808845,"t":[72.9732,79.2895,-39.0708],"timestamp":46766778267}],[{"currentFrameRate":43.4743,"gestures":[],"hands":[],"id":10832,"interactionBox":{"center":[0,200,0],"size":[235.247,235.247,147.751]},"pointables":[],"r":[[0.553557,0.766349,0.326013],[-0.832415,0.497071,0.24496],[0.025673,-0.406977,0.913077]],"s":0.808845,"t":[72.9732,79.2895,-39.0708],"timestamp":46766796372}],[{"currentFrameRate":48.9352,"gestures":[],"hands":[],"id":10833,"interactionBox":{"center":[0,200,0],"size":[235.247,235.247,147.751]},"pointables":[],"r":[[0.553557,0.766349,0.326013],[-0.832415,0.497071,0.24496],[0.025673,-0.406977,0.913077]],"s":0.808845,"t":[72.9732,79.2895,-39.0708],"timestamp":46766814270}],[{"currentFrameRate":35.9691,"gestures":[],"hands":[],"id":10834,"interactionBox":{"center":[0,200,0],"size":[235.247,235.247,147.751]},"pointables":[],"r":[[0.553557,0.766349,0.326013],[-0.832416,0.497071,0.244959],[0.025673,-0.406977,0.913078]],"s":0.808845,"t":[72.9732,79.2895,-39.0708],"timestamp":46766849138}],[{"currentFrameRate":32.083,"gestures":[],"hands":[],"id":10835,"interactionBox":{"center":[0,200,0],"size":[235.247,235.247,147.751]},"pointables":[],"r":[[0.553557,0.766349,0.326013],[-0.832416,0.497071,0.244959],[0.025673,-0.406977,0.913078]],"s":0.808845,"t":[72.9732,79.2895,-39.0708],"timestamp":46766883505}],[{"currentFrameRate":35.6371,"gestures":[],"hands":[],"id":10836,"interactionBox":{"center":[0,200,0],"size":[235.247,235.247,147.751]},"pointables":[],"r":[[0.553557,0.766349,0.326013],[-0.832416,0.497071,0.244959],[0.025673,-0.406977,0.913078]],"s":0.808845,"t":[72.9732,79.2895,-39.0708],"timestamp":46766910031}],[{"currentFrameRate":43.3944,"gestures":[],"hands":[],"id":10837,"interactionBox":{"center":[0,200,0],"size":[235.247,235.247,147.751]},"pointables":[],"r":[[0.553557,0.766349,0.326013],[-0.832416,0.497071,0.244959],[0.025673,-0.406977,0.913078]],"s":0.808845,"t":[72.9732,79.2895,-39.0708],"timestamp":46766928215}],[{"currentFrameRate":41.7261,"gestures":[],"hands":[],"id":10838,"interactionBox":{"center":[0,200,0],"size":[235.247,235.247,147.751]},"pointables":[],"r":[[0.553557,0.766349,0.326013],[-0.832416,0.497071,0.244959],[0.025673,-0.406977,0.913078]],"s":0.808845,"t":[72.9732,79.2895,-39.0708],"timestamp":46766954463}],[{"currentFrameRate":47.9686,"gestures":[],"hands":[],"id":10839,"interactionBox":{"center":[0,200,0],"size":[235.247,235.247,147.751]},"pointables":[],"r":[[0.553557,0.766349,0.326012],[-0.832416,0.497071,0.244959],[0.025673,-0.406977,0.913078]],"s":0.808845,"t":[72.9732,79.2895,-39.0708],"timestamp":46766972335}],[{"currentFrameRate":35.7929,"gestures":[],"hands":[],"id":10840,"interactionBox":{"center":[0,200,0],"size":[235.247,235.247,147.751]},"pointables":[],"r":[[0.553557,0.766349,0.326012],[-0.832416,0.497071,0.244959],[0.025673,-0.406977,0.913078]],"s":0.808845,"t":[72.9732,79.2895,-39.0708],"timestamp":46767007119}],[{"currentFrameRate":31.8614,"gestures":[],"hands":[],"id":10841,"interactionBox":{"center":[0,200,0],"size":[235.247,235.247,147.751]},"pointables":[],"r":[[0.553557,0.766349,0.326012],[-0.832416,0.497071,0.244959],[0.025673,-0.406977,0.913078]],"s":0.808845,"t":[72.9732,79.2895,-39.0708],"timestamp":46767041816}],[{"currentFrameRate":30.2901,"gestures":[],"hands":[],"id":10842,"interactionBox":{"center":[0,200,0],"size":[235.247,235.247,147.751]},"pointables":[],"r":[[0.553557,0.766349,0.326012],[-0.832416,0.497071,0.244959],[0.025673,-0.406977,0.913078]],"s":0.808845,"t":[72.9732,79.2895,-39.0708],"timestamp":46767076352}],[{"currentFrameRate":29.4897,"gestures":[],"hands":[],"id":10843,"interactionBox":{"center":[0,200,0],"size":[235.247,235.247,147.751]},"pointables":[],"r":[[0.553557,0.766349,0.326012],[-0.832416,0.497071,0.244959],[0.025673,-0.406977,0.913078]],"s":0.808845,"t":[72.9732,79.2895,-39.0708],"timestamp":46767111159}],[{"currentFrameRate":29.1902,"gestures":[],"hands":[],"id":10844,"interactionBox":{"center":[0,200,0],"size":[235.247,235.247,147.751]},"pointables":[],"r":[[0.553557,0.766349,0.326012],[-0.832416,0.497071,0.244959],[0.025673,-0.406977,0.913078]],"s":0.808845,"t":[72.9732,79.2895,-39.0708],"timestamp":46767145717}],[{"currentFrameRate":28.9691,"gestures":[],"hands":[],"id":10845,"interactionBox":{"center":[0,200,0],"size":[235.247,235.247,147.751]},"pointables":[],"r":[[0.553557,0.766349,0.326012],[-0.832416,0.497071,0.244959],[0.025673,-0.406977,0.913078]],"s":0.808845,"t":[72.9732,79.2895,-39.0708],"timestamp":46767180449}],[{"currentFrameRate":28.9082,"gestures":[],"hands":[],"id":10846,"interactionBox":{"center":[0,200,0],"size":[235.247,235.247,147.751]},"pointables":[],"r":[[0.553557,0.766349,0.326012],[-0.832416,0.497071,0.244959],[0.025673,-0.406977,0.913078]],"s":0.808845,"t":[72.9732,79.2895,-39.0708],"timestamp":46767215097}],[{"currentFrameRate":28.9334,"gestures":[],"hands":[],"id":10847,"interactionBox":{"center":[0,200,0],"size":[235.247,235.247,147.751]},"pointables":[],"r":[[0.553557,0.766349,0.326012],[-0.832416,0.497071,0.244959],[0.025673,-0.406977,0.913078]],"s":0.808845,"t":[72.9732,79.2895,-39.0708],"timestamp":46767249699}],[{"currentFrameRate":28.8072,"gestures":[],"hands":[],"id":10848,"interactionBox":{"center":[0,200,0],"size":[235.247,235.247,147.751]},"pointables":[],"r":[[0.553557,0.766349,0.326012],[-0.832416,0.497071,0.244959],[0.025673,-0.406977,0.913078]],"s":0.808845,"t":[72.9732,79.2895,-39.0708],"timestamp":46767284593}],[{"currentFrameRate":28.9173,"gestures":[],"hands":[],"id":10849,"interactionBox":{"center":[0,200,0],"size":[235.247,235.247,147.751]},"pointables":[],"r":[[0.553557,0.766349,0.326012],[-0.832416,0.497071,0.244959],[0.025673,-0.406977,0.913078]],"s":0.808845,"t":[72.9732,79.2895,-39.0708],"timestamp":46767318984}]]